x y z
-2.500 -5.000 1.458
-2.500 -4.796 1.396
-2.500 -4.592 1.334
-2.500 -4.388 1.273
-2.500 -4.184 1.213
-2.500 -3.980 1.153
-2.500 -3.776 1.094
-2.500 -3.571 1.035
-2.500 -3.367 0.978
-2.500 -3.163 0.921
-2.500 -2.959 0.866
-2.500 -2.755 0.812
-2.500 -2.551 0.760
-2.500 -2.347 0.710
-2.500 -2.143 0.662
-2.500 -1.939 0.616
-2.500 -1.735 0.811
-2.500 -1.531 1.299
-2.500 -1.327 1.625
-2.500 -1.122 1.883
-2.500 -0.918 2.101
-2.500 -0.714 2.294
-2.500 -0.510 2.470
-2.500 -0.306 2.637
-2.500 -0.102 2.802
-2.500 0.102 2.967
-2.500 0.306 3.137
-2.500 0.510 3.311
-2.500 0.714 3.489
-2.500 0.918 3.671
-2.500 1.122 3.854
-2.500 1.327 4.039
-2.500 1.531 4.223
-2.500 1.735 4.405
-2.500 1.939 4.584
-2.500 2.143 4.761
-2.500 2.347 4.934
-2.500 2.551 5.104
-2.500 2.755 5.270
-2.500 2.959 5.432
-2.500 3.163 5.591
-2.500 3.367 5.747
-2.500 3.571 5.899
-2.500 3.776 6.048
-2.500 3.980 6.195
-2.500 4.184 6.338
-2.500 4.388 6.480
-2.500 4.592 6.618
-2.500 4.796 6.754
-2.500 5.000 6.888
-2.398 -5.000 1.448
-2.398 -4.796 1.386
-2.398 -4.592 1.324
-2.398 -4.388 1.262
-2.398 -4.184 1.201
-2.398 -3.980 1.140
-2.398 -3.776 1.080
-2.398 -3.571 1.021
-2.398 -3.367 0.963
-2.398 -3.163 0.905
-2.398 -2.959 0.849
-2.398 -2.755 0.794
-2.398 -2.551 0.741
-2.398 -2.347 0.690
-2.398 -2.143 0.640
-2.398 -1.939 0.594
-2.398 -1.735 0.594
-2.398 -1.531 1.089
-2.398 -1.327 1.460
-2.398 -1.122 1.738
-2.398 -0.918 1.965
-2.398 -0.714 2.162
-2.398 -0.510 2.340
-2.398 -0.306 2.508
-2.398 -0.102 2.674
-2.398 0.102 2.841
-2.398 0.306 3.013
-2.398 0.510 3.191
-2.398 0.714 3.375
-2.398 0.918 3.562
-2.398 1.122 3.752
-2.398 1.327 3.942
-2.398 1.531 4.132
-2.398 1.735 4.319
-2.398 1.939 4.503
-2.398 2.143 4.684
-2.398 2.347 4.861
-2.398 2.551 5.034
-2.398 2.755 5.203
-2.398 2.959 5.368
-2.398 3.163 5.529
-2.398 3.367 5.687
-2.398 3.571 5.842
-2.398 3.776 5.993
-2.398 3.980 6.141
-2.398 4.184 6.286
-2.398 4.388 6.428
-2.398 4.592 6.568
-2.398 4.796 6.705
-2.398 5.000 6.840
-2.296 -5.000 1.439
-2.296 -4.796 1.376
-2.296 -4.592 1.313
-2.296 -4.388 1.251
-2.296 -4.184 1.189
-2.296 -3.980 1.128
-2.296 -3.776 1.067
-2.296 -3.571 1.007
-2.296 -3.367 0.948
-2.296 -3.163 0.890
-2.296 -2.959 0.833
-2.296 -2.755 0.777
-2.296 -2.551 0.723
-2.296 -2.347 0.670
-2.296 -2.143 0.620
-2.296 -1.939 0.572
-2.296 -1.735 0.526
-2.296 -1.531 0.831
-2.296 -1.327 1.282
-2.296 -1.122 1.584
-2.296 -0.918 1.823
-2.296 -0.714 2.025
-2.296 -0.510 2.205
-2.296 -0.306 2.374
-2.296 -0.102 2.539
-2.296 0.102 2.708
-2.296 0.306 2.884
-2.296 0.510 3.067
-2.296 0.714 3.256
-2.296 0.918 3.450
-2.296 1.122 3.647
-2.296 1.327 3.844
-2.296 1.531 4.039
-2.296 1.735 4.232
-2.296 1.939 4.421
-2.296 2.143 4.607
-2.296 2.347 4.788
-2.296 2.551 4.964
-2.296 2.755 5.136
-2.296 2.959 5.304
-2.296 3.163 5.468
-2.296 3.367 5.628
-2.296 3.571 5.784
-2.296 3.776 5.937
-2.296 3.980 6.086
-2.296 4.184 6.233
-2.296 4.388 6.377
-2.296 4.592 6.518
-2.296 4.796 6.656
-2.296 5.000 6.792
-2.194 -5.000 1.430
-2.194 -4.796 1.367
-2.194 -4.592 1.304
-2.194 -4.388 1.241
-2.194 -4.184 1.179
-2.194 -3.980 1.117
-2.194 -3.776 1.055
-2.194 -3.571 0.995
-2.194 -3.367 0.935
-2.194 -3.163 0.876
-2.194 -2.959 0.818
-2.194 -2.755 0.761
-2.194 -2.551 0.705
-2.194 -2.347 0.652
-2.194 -2.143 0.600
-2.194 -1.939 0.550
-2.194 -1.735 0.504
-2.194 -1.531 0.575
-2.194 -1.327 1.082
-2.194 -1.122 1.421
-2.194 -0.918 1.675
-2.194 -0.714 1.883
-2.194 -0.510 2.064
-2.194 -0.306 2.233
-2.194 -0.102 2.399
-2.194 0.102 2.569
-2.194 0.306 2.748
-2.194 0.510 2.936
-2.194 0.714 3.133
-2.194 0.918 3.334
-2.194 1.122 3.539
-2.194 1.327 3.743
-2.194 1.531 3.945
-2.194 1.735 4.144
-2.194 1.939 4.339
-2.194 2.143 4.529
-2.194 2.347 4.714
-2.194 2.551 4.894
-2.194 2.755 5.069
-2.194 2.959 5.240
-2.194 3.163 5.406
-2.194 3.367 5.568
-2.194 3.571 5.727
-2.194 3.776 5.881
-2.194 3.980 6.032
-2.194 4.184 6.180
-2.194 4.388 6.325
-2.194 4.592 6.468
-2.194 4.796 6.607
-2.194 5.000 6.745
-2.092 -5.000 1.422
-2.092 -4.796 1.359
-2.092 -4.592 1.295
-2.092 -4.388 1.232
-2.092 -4.184 1.169
-2.092 -3.980 1.106
-2.092 -3.776 1.044
-2.092 -3.571 0.983
-2.092 -3.367 0.922
-2.092 -3.163 0.862
-2.092 -2.959 0.803
-2.092 -2.755 0.745
-2.092 -2.551 0.689
-2.092 -2.347 0.634
-2.092 -2.143 0.581
-2.092 -1.939 0.530
-2.092 -1.735 0.482
-2.092 -1.531 0.437
-2.092 -1.327 0.843
-2.092 -1.122 1.245
-2.092 -0.918 1.519
-2.092 -0.714 1.734
-2.092 -0.510 1.917
-2.092 -0.306 2.085
-2.092 -0.102 2.250
-2.092 0.102 2.422
-2.092 0.306 2.605
-2.092 0.510 2.800
-2.092 0.714 3.004
-2.092 0.918 3.214
-2.092 1.122 3.427
-2.092 1.327 3.640
-2.092 1.531 3.850
-2.092 1.735 4.055
-2.092 1.939 4.256
-2.092 2.143 4.451
-2.092 2.347 4.640
-2.092 2.551 4.824
-2.092 2.755 5.002
-2.092 2.959 5.176
-2.092 3.163 5.345
-2.092 3.367 5.509
-2.092 3.571 5.669
-2.092 3.776 5.826
-2.092 3.980 5.978
-2.092 4.184 6.128
-2.092 4.388 6.274
-2.092 4.592 6.418
-2.092 4.796 6.559
-2.092 5.000 6.697
-1.990 -5.000 1.415
-1.990 -4.796 1.351
-1.990 -4.592 1.287
-1.990 -4.388 1.223
-1.990 -4.184 1.160
-1.990 -3.980 1.096
-1.990 -3.776 1.034
-1.990 -3.571 0.972
-1.990 -3.367 0.910
-1.990 -3.163 0.849
-1.990 -2.959 0.789
-1.990 -2.755 0.731
-1.990 -2.551 0.673
-1.990 -2.347 0.617
-1.990 -2.143 0.563
-1.990 -1.939 0.510
-1.990 -1.735 0.461
-1.990 -1.531 0.414
-1.990 -1.327 0.574
-1.990 -1.122 1.051
-1.990 -0.918 1.354
-1.990 -0.714 1.578
-1.990 -0.510 1.762
-1.990 -0.306 1.928
-1.990 -0.102 2.092
-1.990 0.102 2.265
-1.990 0.306 2.453
-1.990 0.510 2.655
-1.990 0.714 2.869
-1.990 0.918 3.090
-1.990 1.122 3.313
-1.990 1.327 3.534
-1.990 1.531 3.752
-1.990 1.735 3.965
-1.990 1.939 4.172
-1.990 2.143 4.372
-1.990 2.347 4.566
-1.990 2.551 4.754
-1.990 2.755 4.935
-1.990 2.959 5.112
-1.990 3.163 5.283
-1.990 3.367 5.450
-1.990 3.571 5.612
-1.990 3.776 5.770
-1.990 3.980 5.925
-1.990 4.184 6.076
-1.990 4.388 6.223
-1.990 4.592 6.368
-1.990 4.796 6.510
-1.990 5.000 6.649
-1.888 -5.000 1.408
-1.888 -4.796 1.344
-1.888 -4.592 1.279
-1.888 -4.388 1.215
-1.888 -4.184 1.151
-1.888 -3.980 1.087
-1.888 -3.776 1.024
-1.888 -3.571 0.961
-1.888 -3.367 0.899
-1.888 -3.163 0.837
-1.888 -2.959 0.777
-1.888 -2.755 0.717
-1.888 -2.551 0.658
-1.888 -2.347 0.601
-1.888 -2.143 0.545
-1.888 -1.939 0.492
-1.888 -1.735 0.440
-1.888 -1.531 0.392
-1.888 -1.327 0.372
-1.888 -1.122 0.826
-1.888 -0.918 1.176
-1.888 -0.714 1.414
-1.888 -0.510 1.599
-1.888 -0.306 1.761
-1.888 -0.102 1.922
-1.888 0.102 2.096
-1.888 0.306 2.289
-1.888 0.510 2.501
-1.888 0.714 2.727
-1.888 0.918 2.960
-1.888 1.122 3.195
-1.888 1.327 3.427
-1.888 1.531 3.654
-1.888 1.735 3.874
-1.888 1.939 4.087
-1.888 2.143 4.293
-1.888 2.347 4.492
-1.888 2.551 4.683
-1.888 2.755 4.869
-1.888 2.959 5.048
-1.888 3.163 5.222
-1.888 3.367 5.391
-1.888 3.571 5.555
-1.888 3.776 5.715
-1.888 3.980 5.871
-1.888 4.184 6.023
-1.888 4.388 6.173
-1.888 4.592 6.318
-1.888 4.796 6.462
-1.888 5.000 6.602
-1.786 -5.000 1.402
-1.786 -4.796 1.337
-1.786 -4.592 1.272
-1.786 -4.388 1.208
-1.786 -4.184 1.143
-1.786 -3.980 1.079
-1.786 -3.776 1.015
-1.786 -3.571 0.952
-1.786 -3.367 0.889
-1.786 -3.163 0.826
-1.786 -2.959 0.765
-1.786 -2.755 0.704
-1.786 -2.551 0.644
-1.786 -2.347 0.586
-1.786 -2.143 0.529
-1.786 -1.939 0.474
-1.786 -1.735 0.421
-1.786 -1.531 0.371
-1.786 -1.327 0.325
-1.786 -1.122 0.568
-1.786 -0.918 0.982
-1.786 -0.714 1.238
-1.786 -0.510 1.424
-1.786 -0.306 1.582
-1.786 -0.102 1.738
-1.786 0.102 1.913
-1.786 0.306 2.113
-1.786 0.510 2.337
-1.786 0.714 2.577
-1.786 0.918 2.824
-1.786 1.122 3.073
-1.786 1.327 3.317
-1.786 1.531 3.554
-1.786 1.735 3.783
-1.786 1.939 4.003
-1.786 2.143 4.214
-1.786 2.347 4.418
-1.786 2.551 4.613
-1.786 2.755 4.802
-1.786 2.959 4.984
-1.786 3.163 5.161
-1.786 3.367 5.332
-1.786 3.571 5.498
-1.786 3.776 5.660
-1.786 3.980 5.818
-1.786 4.184 5.972
-1.786 4.388 6.122
-1.786 4.592 6.269
-1.786 4.796 6.413
-1.786 5.000 6.555
-1.684 -5.000 1.397
-1.684 -4.796 1.331
-1.684 -4.592 1.266
-1.684 -4.388 1.201
-1.684 -4.184 1.136
-1.684 -3.980 1.071
-1.684 -3.776 1.007
-1.684 -3.571 0.943
-1.684 -3.367 0.879
-1.684 -3.163 0.816
-1.684 -2.959 0.753
-1.684 -2.755 0.692
-1.684 -2.551 0.631
-1.684 -2.347 0.571
-1.684 -2.143 0.513
-1.684 -1.939 0.457
-1.684 -1.735 0.403
-1.684 -1.531 0.351
-1.684 -1.327 0.303
-1.684 -1.122 0.340
-1.684 -0.918 0.759
-1.684 -0.714 1.049
-1.684 -0.510 1.237
-1.684 -0.306 1.386
-1.684 -0.102 1.535
-1.684 0.102 1.709
-1.684 0.306 1.918
-1.684 0.510 2.158
-1.684 0.714 2.417
-1.684 0.918 2.683
-1.684 1.122 2.947
-1.684 1.327 3.205
-1.684 1.531 3.453
-1.684 1.735 3.691
-1.684 1.939 3.918
-1.684 2.143 4.135
-1.684 2.347 4.344
-1.684 2.551 4.544
-1.684 2.755 4.736
-1.684 2.959 4.921
-1.684 3.163 5.100
-1.684 3.367 5.273
-1.684 3.571 5.442
-1.684 3.776 5.605
-1.684 3.980 5.764
-1.684 4.184 5.920
-1.684 4.388 6.071
-1.684 4.592 6.220
-1.684 4.796 6.365
-1.684 5.000 6.508
-1.582 -5.000 1.392
-1.582 -4.796 1.326
-1.582 -4.592 1.260
-1.582 -4.388 1.195
-1.582 -4.184 1.130
-1.582 -3.980 1.064
-1.582 -3.776 0.999
-1.582 -3.571 0.935
-1.582 -3.367 0.870
-1.582 -3.163 0.807
-1.582 -2.959 0.743
-1.582 -2.755 0.681
-1.582 -2.551 0.619
-1.582 -2.347 0.558
-1.582 -2.143 0.499
-1.582 -1.939 0.441
-1.582 -1.735 0.385
-1.582 -1.531 0.332
-1.582 -1.327 0.282
-1.582 -1.122 0.236
-1.582 -0.918 0.523
-1.582 -0.714 0.839
-1.582 -0.510 1.030
-1.582 -0.306 1.166
-1.582 -0.102 1.303
-1.582 0.102 1.477
-1.582 0.306 1.700
-1.582 0.510 1.962
-1.582 0.714 2.245
-1.582 0.918 2.534
-1.582 1.122 2.817
-1.582 1.327 3.090
-1.582 1.531 3.350
-1.582 1.735 3.598
-1.582 1.939 3.833
-1.582 2.143 4.057
-1.582 2.347 4.270
-1.582 2.551 4.474
-1.582 2.755 4.670
-1.582 2.959 4.858
-1.582 3.163 5.040
-1.582 3.367 5.215
-1.582 3.571 5.385
-1.582 3.776 5.551
-1.582 3.980 5.711
-1.582 4.184 5.868
-1.582 4.388 6.021
-1.582 4.592 6.171
-1.582 4.796 6.317
-1.582 5.000 6.461
-1.480 -5.000 1.387
-1.480 -4.796 1.322
-1.480 -4.592 1.256
-1.480 -4.388 1.190
-1.480 -4.184 1.124
-1.480 -3.980 1.058
-1.480 -3.776 0.993
-1.480 -3.571 0.928
-1.480 -3.367 0.863
-1.480 -3.163 0.798
-1.480 -2.959 0.734
-1.480 -2.755 0.671
-1.480 -2.551 0.608
-1.480 -2.347 0.546
-1.480 -2.143 0.486
-1.480 -1.939 0.426
-1.480 -1.735 0.369
-1.480 -1.531 0.314
-1.480 -1.327 0.262
-1.480 -1.122 0.214
-1.480 -0.918 0.309
-1.480 -0.714 0.604
-1.480 -0.510 0.795
-1.480 -0.306 0.909
-1.480 -0.102 1.025
-1.480 0.102 1.200
-1.480 0.306 1.446
-1.480 0.510 1.743
-1.480 0.714 2.060
-1.480 0.918 2.377
-1.480 1.122 2.683
-1.480 1.327 2.973
-1.480 1.531 3.247
-1.480 1.735 3.505
-1.480 1.939 3.748
-1.480 2.143 3.978
-1.480 2.347 4.196
-1.480 2.551 4.405
-1.480 2.755 4.604
-1.480 2.959 4.795
-1.480 3.163 4.979
-1.480 3.367 5.157
-1.480 3.571 5.329
-1.480 3.776 5.496
-1.480 3.980 5.659
-1.480 4.184 5.817
-1.480 4.388 5.971
-1.480 4.592 6.122
-1.480 4.796 6.269
-1.480 5.000 6.414
-1.378 -5.000 1.384
-1.378 -4.796 1.318
-1.378 -4.592 1.251
-1.378 -4.388 1.185
-1.378 -4.184 1.119
-1.378 -3.980 1.053
-1.378 -3.776 0.987
-1.378 -3.571 0.921
-1.378 -3.367 0.856
-1.378 -3.163 0.791
-1.378 -2.959 0.726
-1.378 -2.755 0.662
-1.378 -2.551 0.598
-1.378 -2.347 0.535
-1.378 -2.143 0.473
-1.378 -1.939 0.413
-1.378 -1.735 0.354
-1.378 -1.531 0.297
-1.378 -1.327 0.243
-1.378 -1.122 0.193
-1.378 -0.918 0.152
-1.378 -0.714 0.393
-1.378 -0.510 0.532
-1.378 -0.306 0.585
-1.378 -0.102 0.649
-1.378 0.102 0.834
-1.378 0.306 1.134
-1.378 0.510 1.489
-1.378 0.714 1.856
-1.378 0.918 2.211
-1.378 1.122 2.544
-1.378 1.327 2.855
-1.378 1.531 3.143
-1.378 1.735 3.412
-1.378 1.939 3.663
-1.378 2.143 3.900
-1.378 2.347 4.123
-1.378 2.551 4.336
-1.378 2.755 4.538
-1.378 2.959 4.733
-1.378 3.163 4.919
-1.378 3.367 5.099
-1.378 3.571 5.273
-1.378 3.776 5.442
-1.378 3.980 5.606
-1.378 4.184 5.766
-1.378 4.388 5.921
-1.378 4.592 6.073
-1.378 4.796 6.222
-1.378 5.000 6.367
-1.276 -5.000 1.381
-1.276 -4.796 1.314
-1.276 -4.592 1.248
-1.276 -4.388 1.181
-1.276 -4.184 1.115
-1.276 -3.980 1.049
-1.276 -3.776 0.982
-1.276 -3.571 0.916
-1.276 -3.367 0.850
-1.276 -3.163 0.784
-1.276 -2.959 0.719
-1.276 -2.755 0.654
-1.276 -2.551 0.589
-1.276 -2.347 0.525
-1.276 -2.143 0.462
-1.276 -1.939 0.401
-1.276 -1.735 0.340
-1.276 -1.531 0.282
-1.276 -1.327 0.226
-1.276 -1.122 0.173
-1.276 -0.918 0.125
-1.276 -0.714 0.221
-1.276 -0.510 0.301
-1.276 -0.306 0.261
-1.276 -0.102 0.214
-1.276 0.102 0.316
-1.276 0.306 0.684
-1.276 0.510 1.181
-1.276 0.714 1.629
-1.276 0.918 2.034
-1.276 1.122 2.401
-1.276 1.327 2.734
-1.276 1.531 3.039
-1.276 1.735 3.319
-1.276 1.939 3.579
-1.276 2.143 3.822
-1.276 2.347 4.051
-1.276 2.551 4.267
-1.276 2.755 4.473
-1.276 2.959 4.671
-1.276 3.163 4.860
-1.276 3.367 5.042
-1.276 3.571 5.218
-1.276 3.776 5.388
-1.276 3.980 5.554
-1.276 4.184 5.715
-1.276 4.388 5.872
-1.276 4.592 6.025
-1.276 4.796 6.174
-1.276 5.000 6.321
-1.173 -5.000 1.378
-1.173 -4.796 1.312
-1.173 -4.592 1.245
-1.173 -4.388 1.178
-1.173 -4.184 1.112
-1.173 -3.980 1.045
-1.173 -3.776 0.978
-1.173 -3.571 0.912
-1.173 -3.367 0.845
-1.173 -3.163 0.779
-1.173 -2.959 0.713
-1.173 -2.755 0.647
-1.173 -2.551 0.582
-1.173 -2.347 0.517
-1.173 -2.143 0.453
-1.173 -1.939 0.390
-1.173 -1.735 0.328
-1.173 -1.531 0.268
-1.173 -1.327 0.210
-1.173 -1.122 0.155
-1.173 -0.918 0.105
-1.173 -0.714 0.083
-1.173 -0.510 0.118
-1.173 -0.306 0.000
-1.173 -0.102 0.000
-1.173 0.102 0.000
-1.173 0.306 0.097
-1.173 0.510 0.752
-1.173 0.714 1.366
-1.173 0.918 1.846
-1.173 1.122 2.254
-1.173 1.327 2.613
-1.173 1.531 2.934
-1.173 1.735 3.226
-1.173 1.939 3.495
-1.173 2.143 3.745
-1.173 2.347 3.979
-1.173 2.551 4.199
-1.173 2.755 4.409
-1.173 2.959 4.609
-1.173 3.163 4.800
-1.173 3.367 4.985
-1.173 3.571 5.163
-1.173 3.776 5.335
-1.173 3.980 5.502
-1.173 4.184 5.664
-1.173 4.388 5.822
-1.173 4.592 5.976
-1.173 4.796 6.127
-1.173 5.000 6.275
-1.071 -5.000 1.377
-1.071 -4.796 1.310
-1.071 -4.592 1.243
-1.071 -4.388 1.176
-1.071 -4.184 1.109
-1.071 -3.980 1.042
-1.071 -3.776 0.975
-1.071 -3.571 0.908
-1.071 -3.367 0.841
-1.071 -3.163 0.774
-1.071 -2.959 0.707
-1.071 -2.755 0.641
-1.071 -2.551 0.575
-1.071 -2.347 0.509
-1.071 -2.143 0.444
-1.071 -1.939 0.380
-1.071 -1.735 0.317
-1.071 -1.531 0.255
-1.071 -1.327 0.196
-1.071 -1.122 0.139
-1.071 -0.918 0.085
-1.071 -0.714 0.037
-1.071 -0.510 0.000
-1.071 -0.306 0.000
-1.071 -0.102 0.000
-1.071 0.102 0.000
-1.071 0.306 0.000
-1.071 0.510 0.166
-1.071 0.714 1.047
-1.071 0.918 1.642
-1.071 1.122 2.103
-1.071 1.327 2.491
-1.071 1.531 2.830
-1.071 1.735 3.135
-1.071 1.939 3.412
-1.071 2.143 3.668
-1.071 2.347 3.907
-1.071 2.551 4.132
-1.071 2.755 4.345
-1.071 2.959 4.548
-1.071 3.163 4.742
-1.071 3.367 4.928
-1.071 3.571 5.108
-1.071 3.776 5.281
-1.071 3.980 5.450
-1.071 4.184 5.613
-1.071 4.388 5.773
-1.071 4.592 5.928
-1.071 4.796 6.080
-1.071 5.000 6.228
-0.969 -5.000 1.376
-0.969 -4.796 1.309
-0.969 -4.592 1.241
-0.969 -4.388 1.174
-0.969 -4.184 1.107
-0.969 -3.980 1.040
-0.969 -3.776 0.972
-0.969 -3.571 0.905
-0.969 -3.367 0.838
-0.969 -3.163 0.770
-0.969 -2.959 0.703
-0.969 -2.755 0.636
-0.969 -2.551 0.570
-0.969 -2.347 0.503
-0.969 -2.143 0.437
-0.969 -1.939 0.372
-0.969 -1.735 0.308
-0.969 -1.531 0.244
-0.969 -1.327 0.183
-0.969 -1.122 0.124
-0.969 -0.918 0.068
-0.969 -0.714 0.017
-0.969 -0.510 0.000
-0.969 -0.306 0.000
-0.969 -0.102 0.000
-0.969 0.102 0.000
-0.969 0.306 0.000
-0.969 0.510 0.000
-0.969 0.714 0.598
-0.969 0.918 1.420
-0.969 1.122 1.947
-0.969 1.327 2.368
-0.969 1.531 2.727
-0.969 1.735 3.044
-0.969 1.939 3.330
-0.969 2.143 3.593
-0.969 2.347 3.837
-0.969 2.551 4.065
-0.969 2.755 4.281
-0.969 2.959 4.487
-0.969 3.163 4.683
-0.969 3.367 4.871
-0.969 3.571 5.053
-0.969 3.776 5.228
-0.969 3.980 5.398
-0.969 4.184 5.563
-0.969 4.388 5.724
-0.969 4.592 5.880
-0.969 4.796 6.033
-0.969 5.000 6.182
-0.867 -5.000 1.375
-0.867 -4.796 1.308
-0.867 -4.592 1.241
-0.867 -4.388 1.173
-0.867 -4.184 1.106
-0.867 -3.980 1.038
-0.867 -3.776 0.971
-0.867 -3.571 0.903
-0.867 -3.367 0.836
-0.867 -3.163 0.768
-0.867 -2.959 0.700
-0.867 -2.755 0.633
-0.867 -2.551 0.565
-0.867 -2.347 0.498
-0.867 -2.143 0.432
-0.867 -1.939 0.365
-0.867 -1.735 0.300
-0.867 -1.531 0.235
-0.867 -1.327 0.172
-0.867 -1.122 0.111
-0.867 -0.918 0.052
-0.867 -0.714 0.000
-0.867 -0.510 0.000
-0.867 -0.306 0.000
-0.867 -0.102 0.000
-0.867 0.102 0.000
-0.867 0.306 0.000
-0.867 0.510 0.000
-0.867 0.714 0.090
-0.867 0.918 1.173
-0.867 1.122 1.789
-0.867 1.327 2.247
-0.867 1.531 2.626
-0.867 1.735 2.955
-0.867 1.939 3.250
-0.867 2.143 3.518
-0.867 2.347 3.767
-0.867 2.551 3.999
-0.867 2.755 4.218
-0.867 2.959 4.426
-0.867 3.163 4.625
-0.867 3.367 4.815
-0.867 3.571 4.998
-0.867 3.776 5.175
-0.867 3.980 5.347
-0.867 4.184 5.513
-0.867 4.388 5.675
-0.867 4.592 5.832
-0.867 4.796 5.986
-0.867 5.000 6.136
-0.765 -5.000 1.375
-0.765 -4.796 1.308
-0.765 -4.592 1.241
-0.765 -4.388 1.173
-0.765 -4.184 1.106
-0.765 -3.980 1.038
-0.765 -3.776 0.970
-0.765 -3.571 0.902
-0.765 -3.367 0.834
-0.765 -3.163 0.766
-0.765 -2.959 0.698
-0.765 -2.755 0.630
-0.765 -2.551 0.562
-0.765 -2.347 0.495
-0.765 -2.143 0.427
-0.765 -1.939 0.360
-0.765 -1.735 0.294
-0.765 -1.531 0.228
-0.765 -1.327 0.163
-0.765 -1.122 0.099
-0.765 -0.918 0.038
-0.765 -0.714 0.000
-0.765 -0.510 0.000
-0.765 -0.306 0.000
-0.765 -0.102 0.000
-0.765 0.102 0.000
-0.765 0.306 0.000
-0.765 0.510 0.000
-0.765 0.714 0.000
-0.765 0.918 0.886
-0.765 1.122 1.630
-0.765 1.327 2.128
-0.765 1.531 2.527
-0.765 1.735 2.868
-0.765 1.939 3.171
-0.765 2.143 3.445
-0.765 2.347 3.698
-0.765 2.551 3.934
-0.765 2.755 4.156
-0.765 2.959 4.367
-0.765 3.163 4.567
-0.765 3.367 4.759
-0.765 3.571 4.944
-0.765 3.776 5.123
-0.765 3.980 5.295
-0.765 4.184 5.463
-0.765 4.388 5.626
-0.765 4.592 5.784
-0.765 4.796 5.939
-0.765 5.000 6.091
-0.663 -5.000 1.376
-0.663 -4.796 1.309
-0.663 -4.592 1.241
-0.663 -4.388 1.174
-0.663 -4.184 1.106
-0.663 -3.980 1.038
-0.663 -3.776 0.970
-0.663 -3.571 0.902
-0.663 -3.367 0.834
-0.663 -3.163 0.766
-0.663 -2.959 0.697
-0.663 -2.755 0.629
-0.663 -2.551 0.561
-0.663 -2.347 0.492
-0.663 -2.143 0.424
-0.663 -1.939 0.357
-0.663 -1.735 0.289
-0.663 -1.531 0.222
-0.663 -1.327 0.156
-0.663 -1.122 0.091
-0.663 -0.918 0.027
-0.663 -0.714 0.000
-0.663 -0.510 0.000
-0.663 -0.306 0.000
-0.663 -0.102 0.000
-0.663 0.102 0.000
-0.663 0.306 0.000
-0.663 0.510 0.000
-0.663 0.714 0.000
-0.663 0.918 0.534
-0.663 1.122 1.470
-0.663 1.327 2.012
-0.663 1.531 2.430
-0.663 1.735 2.783
-0.663 1.939 3.093
-0.663 2.143 3.373
-0.663 2.347 3.630
-0.663 2.551 3.869
-0.663 2.755 4.094
-0.663 2.959 4.307
-0.663 3.163 4.510
-0.663 3.367 4.704
-0.663 3.571 4.890
-0.663 3.776 5.070
-0.663 3.980 5.244
-0.663 4.184 5.413
-0.663 4.388 5.577
-0.663 4.592 5.737
-0.663 4.796 5.893
-0.663 5.000 6.045
-0.561 -5.000 1.377
-0.561 -4.796 1.310
-0.561 -4.592 1.242
-0.561 -4.388 1.175
-0.561 -4.184 1.107
-0.561 -3.980 1.039
-0.561 -3.776 0.971
-0.561 -3.571 0.903
-0.561 -3.367 0.834
-0.561 -3.163 0.766
-0.561 -2.959 0.697
-0.561 -2.755 0.629
-0.561 -2.551 0.560
-0.561 -2.347 0.491
-0.561 -2.143 0.423
-0.561 -1.939 0.354
-0.561 -1.735 0.286
-0.561 -1.531 0.218
-0.561 -1.327 0.151
-0.561 -1.122 0.084
-0.561 -0.918 0.018
-0.561 -0.714 0.000
-0.561 -0.510 0.000
-0.561 -0.306 0.000
-0.561 -0.102 0.000
-0.561 0.102 0.000
-0.561 0.306 0.000
-0.561 0.510 0.000
-0.561 0.714 0.000
-0.561 0.918 0.213
-0.561 1.122 1.313
-0.561 1.327 1.900
-0.561 1.531 2.337
-0.561 1.735 2.700
-0.561 1.939 3.017
-0.561 2.143 3.302
-0.561 2.347 3.563
-0.561 2.551 3.806
-0.561 2.755 4.033
-0.561 2.959 4.248
-0.561 3.163 4.453
-0.561 3.367 4.648
-0.561 3.571 4.837
-0.561 3.776 5.018
-0.561 3.980 5.193
-0.561 4.184 5.363
-0.561 4.388 5.528
-0.561 4.592 5.689
-0.561 4.796 5.846
-0.561 5.000 5.999
-0.459 -5.000 1.379
-0.459 -4.796 1.312
-0.459 -4.592 1.244
-0.459 -4.388 1.177
-0.459 -4.184 1.109
-0.459 -3.980 1.041
-0.459 -3.776 0.973
-0.459 -3.571 0.904
-0.459 -3.367 0.836
-0.459 -3.163 0.767
-0.459 -2.959 0.698
-0.459 -2.755 0.630
-0.459 -2.551 0.561
-0.459 -2.347 0.492
-0.459 -2.143 0.423
-0.459 -1.939 0.354
-0.459 -1.735 0.285
-0.459 -1.531 0.216
-0.459 -1.327 0.148
-0.459 -1.122 0.080
-0.459 -0.918 0.013
-0.459 -0.714 0.000
-0.459 -0.510 0.000
-0.459 -0.306 0.000
-0.459 -0.102 0.000
-0.459 0.102 0.000
-0.459 0.306 0.000
-0.459 0.510 0.000
-0.459 0.714 0.000
-0.459 0.918 0.000
-0.459 1.122 1.162
-0.459 1.327 1.794
-0.459 1.531 2.248
-0.459 1.735 2.621
-0.459 1.939 2.944
-0.459 2.143 3.233
-0.459 2.347 3.497
-0.459 2.551 3.742
-0.459 2.755 3.972
-0.459 2.959 4.189
-0.459 3.163 4.396
-0.459 3.367 4.593
-0.459 3.571 4.783
-0.459 3.776 4.966
-0.459 3.980 5.142
-0.459 4.184 5.314
-0.459 4.388 5.480
-0.459 4.592 5.642
-0.459 4.796 5.800
-0.459 5.000 5.954
-0.357 -5.000 1.382
-0.357 -4.796 1.315
-0.357 -4.592 1.247
-0.357 -4.388 1.179
-0.357 -4.184 1.111
-0.357 -3.980 1.043
-0.357 -3.776 0.975
-0.357 -3.571 0.907
-0.357 -3.367 0.838
-0.357 -3.163 0.769
-0.357 -2.959 0.700
-0.357 -2.755 0.631
-0.357 -2.551 0.562
-0.357 -2.347 0.493
-0.357 -2.143 0.424
-0.357 -1.939 0.355
-0.357 -1.735 0.285
-0.357 -1.531 0.216
-0.357 -1.327 0.147
-0.357 -1.122 0.078
-0.357 -0.918 0.010
-0.357 -0.714 0.000
-0.357 -0.510 0.000
-0.357 -0.306 0.000
-0.357 -0.102 0.000
-0.357 0.102 0.000
-0.357 0.306 0.000
-0.357 0.510 0.000
-0.357 0.714 0.000
-0.357 0.918 0.000
-0.357 1.122 1.020
-0.357 1.327 1.696
-0.357 1.531 2.164
-0.357 1.735 2.544
-0.357 1.939 2.872
-0.357 2.143 3.165
-0.357 2.347 3.432
-0.357 2.551 3.680
-0.357 2.755 3.912
-0.357 2.959 4.131
-0.357 3.163 4.339
-0.357 3.367 4.539
-0.357 3.571 4.730
-0.357 3.776 4.914
-0.357 3.980 5.092
-0.357 4.184 5.264
-0.357 4.388 5.431
-0.357 4.592 5.594
-0.357 4.796 5.753
-0.357 5.000 5.908
-0.255 -5.000 1.385
-0.255 -4.796 1.318
-0.255 -4.592 1.250
-0.255 -4.388 1.182
-0.255 -4.184 1.115
-0.255 -3.980 1.046
-0.255 -3.776 0.978
-0.255 -3.571 0.910
-0.255 -3.367 0.841
-0.255 -3.163 0.772
-0.255 -2.959 0.704
-0.255 -2.755 0.634
-0.255 -2.551 0.565
-0.255 -2.347 0.496
-0.255 -2.143 0.426
-0.255 -1.939 0.357
-0.255 -1.735 0.287
-0.255 -1.531 0.218
-0.255 -1.327 0.148
-0.255 -1.122 0.079
-0.255 -0.918 0.009
-0.255 -0.714 0.000
-0.255 -0.510 0.000
-0.255 -0.306 0.000
-0.255 -0.102 0.000
-0.255 0.102 0.000
-0.255 0.306 0.000
-0.255 0.510 0.000
-0.255 0.714 0.000
-0.255 0.918 0.000
-0.255 1.122 0.894
-0.255 1.327 1.606
-0.255 1.531 2.084
-0.255 1.735 2.470
-0.255 1.939 2.801
-0.255 2.143 3.098
-0.255 2.347 3.368
-0.255 2.551 3.618
-0.255 2.755 3.852
-0.255 2.959 4.073
-0.255 3.163 4.283
-0.255 3.367 4.484
-0.255 3.571 4.676
-0.255 3.776 4.862
-0.255 3.980 5.041
-0.255 4.184 5.215
-0.255 4.388 5.383
-0.255 4.592 5.547
-0.255 4.796 5.707
-0.255 5.000 5.863
-0.153 -5.000 1.389
-0.153 -4.796 1.322
-0.153 -4.592 1.254
-0.153 -4.388 1.186
-0.153 -4.184 1.118
-0.153 -3.980 1.050
-0.153 -3.776 0.982
-0.153 -3.571 0.914
-0.153 -3.367 0.845
-0.153 -3.163 0.777
-0.153 -2.959 0.708
-0.153 -2.755 0.639
-0.153 -2.551 0.569
-0.153 -2.347 0.500
-0.153 -2.143 0.430
-0.153 -1.939 0.361
-0.153 -1.735 0.291
-0.153 -1.531 0.221
-0.153 -1.327 0.152
-0.153 -1.122 0.082
-0.153 -0.918 0.012
-0.153 -0.714 0.000
-0.153 -0.510 0.000
-0.153 -0.306 0.000
-0.153 -0.102 0.000
-0.153 0.102 0.000
-0.153 0.306 0.000
-0.153 0.510 0.000
-0.153 0.714 0.000
-0.153 0.918 0.000
-0.153 1.122 0.786
-0.153 1.327 1.525
-0.153 1.531 2.009
-0.153 1.735 2.398
-0.153 1.939 2.733
-0.153 2.143 3.032
-0.153 2.347 3.304
-0.153 2.551 3.556
-0.153 2.755 3.792
-0.153 2.959 4.015
-0.153 3.163 4.227
-0.153 3.367 4.429
-0.153 3.571 4.623
-0.153 3.776 4.810
-0.153 3.980 4.990
-0.153 4.184 5.165
-0.153 4.388 5.335
-0.153 4.592 5.500
-0.153 4.796 5.661
-0.153 5.000 5.818
-0.051 -5.000 1.393
-0.051 -4.796 1.326
-0.051 -4.592 1.259
-0.051 -4.388 1.191
-0.051 -4.184 1.123
-0.051 -3.980 1.055
-0.051 -3.776 0.987
-0.051 -3.571 0.919
-0.051 -3.367 0.850
-0.051 -3.163 0.781
-0.051 -2.959 0.713
-0.051 -2.755 0.644
-0.051 -2.551 0.574
-0.051 -2.347 0.505
-0.051 -2.143 0.436
-0.051 -1.939 0.366
-0.051 -1.735 0.296
-0.051 -1.531 0.227
-0.051 -1.327 0.157
-0.051 -1.122 0.087
-0.051 -0.918 0.018
-0.051 -0.714 0.000
-0.051 -0.510 0.000
-0.051 -0.306 0.000
-0.051 -0.102 0.000
-0.051 0.102 0.000
-0.051 0.306 0.000
-0.051 0.510 0.000
-0.051 0.714 0.000
-0.051 0.918 0.000
-0.051 1.122 0.703
-0.051 1.327 1.453
-0.051 1.531 1.939
-0.051 1.735 2.330
-0.051 1.939 2.666
-0.051 2.143 2.967
-0.051 2.347 3.241
-0.051 2.551 3.495
-0.051 2.755 3.733
-0.051 2.959 3.957
-0.051 3.163 4.171
-0.051 3.367 4.374
-0.051 3.571 4.570
-0.051 3.776 4.758
-0.051 3.980 4.940
-0.051 4.184 5.116
-0.051 4.388 5.286
-0.051 4.592 5.452
-0.051 4.796 5.614
-0.051 5.000 5.772
0.051 -5.000 1.398
0.051 -4.796 1.331
0.051 -4.592 1.264
0.051 -4.388 1.196
0.051 -4.184 1.128
0.051 -3.980 1.061
0.051 -3.776 0.992
0.051 -3.571 0.924
0.051 -3.367 0.856
0.051 -3.163 0.787
0.051 -2.959 0.718
0.051 -2.755 0.650
0.051 -2.551 0.580
0.051 -2.347 0.511
0.051 -2.143 0.442
0.051 -1.939 0.373
0.051 -1.735 0.303
0.051 -1.531 0.234
0.051 -1.327 0.164
0.051 -1.122 0.095
0.051 -0.918 0.026
0.051 -0.714 0.000
0.051 -0.510 0.000
0.051 -0.306 0.000
0.051 -0.102 0.000
0.051 0.102 0.000
0.051 0.306 0.000
0.051 0.510 0.000
0.051 0.714 0.000
0.051 0.918 0.000
0.051 1.122 0.649
0.051 1.327 1.390
0.051 1.531 1.873
0.051 1.735 2.263
0.051 1.939 2.601
0.051 2.143 2.903
0.051 2.347 3.179
0.051 2.551 3.434
0.051 2.755 3.674
0.051 2.959 3.900
0.051 3.163 4.115
0.051 3.367 4.320
0.051 3.571 4.517
0.051 3.776 4.706
0.051 3.980 4.889
0.051 4.184 5.066
0.051 4.388 5.238
0.051 4.592 5.405
0.051 4.796 5.568
0.051 5.000 5.727
0.153 -5.000 1.404
0.153 -4.796 1.337
0.153 -4.592 1.269
0.153 -4.388 1.202
0.153 -4.184 1.134
0.153 -3.980 1.067
0.153 -3.776 0.999
0.153 -3.571 0.931
0.153 -3.367 0.862
0.153 -3.163 0.794
0.153 -2.959 0.725
0.153 -2.755 0.657
0.153 -2.551 0.588
0.153 -2.347 0.519
0.153 -2.143 0.450
0.153 -1.939 0.380
0.153 -1.735 0.311
0.153 -1.531 0.242
0.153 -1.327 0.173
0.153 -1.122 0.104
0.153 -0.918 0.036
0.153 -0.714 0.000
0.153 -0.510 0.000
0.153 -0.306 0.000
0.153 -0.102 0.000
0.153 0.102 0.000
0.153 0.306 0.000
0.153 0.510 0.000
0.153 0.714 0.000
0.153 0.918 0.000
0.153 1.122 0.619
0.153 1.327 1.334
0.153 1.531 1.810
0.153 1.735 2.198
0.153 1.939 2.536
0.153 2.143 2.839
0.153 2.347 3.116
0.153 2.551 3.373
0.153 2.755 3.615
0.153 2.959 3.842
0.153 3.163 4.059
0.153 3.367 4.265
0.153 3.571 4.463
0.153 3.776 4.654
0.153 3.980 4.838
0.153 4.184 5.016
0.153 4.388 5.189
0.153 4.592 5.358
0.153 4.796 5.521
0.153 5.000 5.681
0.255 -5.000 1.410
0.255 -4.796 1.343
0.255 -4.592 1.276
0.255 -4.388 1.208
0.255 -4.184 1.141
0.255 -3.980 1.073
0.255 -3.776 1.006
0.255 -3.571 0.938
0.255 -3.367 0.870
0.255 -3.163 0.801
0.255 -2.959 0.733
0.255 -2.755 0.664
0.255 -2.551 0.596
0.255 -2.347 0.527
0.255 -2.143 0.458
0.255 -1.939 0.389
0.255 -1.735 0.321
0.255 -1.531 0.252
0.255 -1.327 0.184
0.255 -1.122 0.116
0.255 -0.918 0.049
0.255 -0.714 0.000
0.255 -0.510 0.000
0.255 -0.306 0.000
0.255 -0.102 0.000
0.255 0.102 0.000
0.255 0.306 0.000
0.255 0.510 0.000
0.255 0.714 0.000
0.255 0.918 0.000
0.255 1.122 0.605
0.255 1.327 1.282
0.255 1.531 1.749
0.255 1.735 2.135
0.255 1.939 2.472
0.255 2.143 2.776
0.255 2.347 3.054
0.255 2.551 3.313
0.255 2.755 3.555
0.255 2.959 3.784
0.255 3.163 4.002
0.255 3.367 4.210
0.255 3.571 4.410
0.255 3.776 4.602
0.255 3.980 4.787
0.255 4.184 4.967
0.255 4.388 5.141
0.255 4.592 5.310
0.255 4.796 5.475
0.255 5.000 5.635
0.357 -5.000 1.417
0.357 -4.796 1.350
0.357 -4.592 1.283
0.357 -4.388 1.215
0.357 -4.184 1.148
0.357 -3.980 1.081
0.357 -3.776 1.013
0.357 -3.571 0.945
0.357 -3.367 0.878
0.357 -3.163 0.810
0.357 -2.959 0.741
0.357 -2.755 0.673
0.357 -2.551 0.605
0.357 -2.347 0.536
0.357 -2.143 0.468
0.357 -1.939 0.400
0.357 -1.735 0.331
0.357 -1.531 0.263
0.357 -1.327 0.196
0.357 -1.122 0.129
0.357 -0.918 0.063
0.357 -0.714 0.000
0.357 -0.510 0.000
0.357 -0.306 0.000
0.357 -0.102 0.000
0.357 0.102 0.000
0.357 0.306 0.000
0.357 0.510 0.000
0.357 0.714 0.000
0.357 0.918 0.000
0.357 1.122 0.596
0.357 1.327 1.233
0.357 1.531 1.690
0.357 1.735 2.072
0.357 1.939 2.408
0.357 2.143 2.712
0.357 2.347 2.992
0.357 2.551 3.252
0.357 2.755 3.496
0.357 2.959 3.726
0.357 3.163 3.946
0.357 3.367 4.155
0.357 3.571 4.356
0.357 3.776 4.549
0.357 3.980 4.736
0.357 4.184 4.917
0.357 4.388 5.092
0.357 4.592 5.262
0.357 4.796 5.428
0.357 5.000 5.590
0.459 -5.000 1.424
0.459 -4.796 1.357
0.459 -4.592 1.290
0.459 -4.388 1.223
0.459 -4.184 1.156
0.459 -3.980 1.089
0.459 -3.776 1.021
0.459 -3.571 0.954
0.459 -3.367 0.886
0.459 -3.163 0.819
0.459 -2.959 0.751
0.459 -2.755 0.683
0.459 -2.551 0.615
0.459 -2.347 0.547
0.459 -2.143 0.479
0.459 -1.939 0.411
0.459 -1.735 0.343
0.459 -1.531 0.276
0.459 -1.327 0.209
0.459 -1.122 0.144
0.459 -0.918 0.080
0.459 -0.714 0.018
0.459 -0.510 0.000
0.459 -0.306 0.000
0.459 -0.102 0.000
0.459 0.102 0.000
0.459 0.306 0.000
0.459 0.510 0.000
0.459 0.714 0.000
0.459 0.918 0.027
0.459 1.122 0.585
0.459 1.327 1.183
0.459 1.531 1.630
0.459 1.735 2.008
0.459 1.939 2.344
0.459 2.143 2.648
0.459 2.347 2.929
0.459 2.551 3.190
0.459 2.755 3.436
0.459 2.959 3.668
0.459 3.163 3.889
0.459 3.367 4.100
0.459 3.571 4.302
0.459 3.776 4.497
0.459 3.980 4.685
0.459 4.184 4.867
0.459 4.388 5.043
0.459 4.592 5.214
0.459 4.796 5.381
0.459 5.000 5.544
0.561 -5.000 1.431
0.561 -4.796 1.365
0.561 -4.592 1.298
0.561 -4.388 1.231
0.561 -4.184 1.164
0.561 -3.980 1.097
0.561 -3.776 1.030
0.561 -3.571 0.963
0.561 -3.367 0.896
0.561 -3.163 0.828
0.561 -2.959 0.761
0.561 -2.755 0.693
0.561 -2.551 0.626
0.561 -2.347 0.558
0.561 -2.143 0.491
0.561 -1.939 0.423
0.561 -1.735 0.356
0.561 -1.531 0.290
0.561 -1.327 0.224
0.561 -1.122 0.160
0.561 -0.918 0.097
0.561 -0.714 0.037
0.561 -0.510 0.000
0.561 -0.306 0.000
0.561 -0.102 0.000
0.561 0.102 0.000
0.561 0.306 0.000
0.561 0.510 0.000
0.561 0.714 0.000
0.561 0.918 0.080
0.561 1.122 0.537
0.561 1.327 1.130
0.561 1.531 1.568
0.561 1.735 1.944
0.561 1.939 2.278
0.561 2.143 2.584
0.561 2.347 2.865
0.561 2.551 3.128
0.561 2.755 3.375
0.561 2.959 3.609
0.561 3.163 3.831
0.561 3.367 4.044
0.561 3.571 4.248
0.561 3.776 4.444
0.561 3.980 4.633
0.561 4.184 4.816
0.561 4.388 4.994
0.561 4.592 5.166
0.561 4.796 5.334
0.561 5.000 5.498
0.663 -5.000 1.440
0.663 -4.796 1.373
0.663 -4.592 1.307
0.663 -4.388 1.240
0.663 -4.184 1.174
0.663 -3.980 1.107
0.663 -3.776 1.040
0.663 -3.571 0.973
0.663 -3.367 0.906
0.663 -3.163 0.839
0.663 -2.959 0.772
0.663 -2.755 0.704
0.663 -2.551 0.637
0.663 -2.347 0.570
0.663 -2.143 0.503
0.663 -1.939 0.437
0.663 -1.735 0.370
0.663 -1.531 0.305
0.663 -1.327 0.240
0.663 -1.122 0.177
0.663 -0.918 0.116
0.663 -0.714 0.058
0.663 -0.510 0.005
0.663 -0.306 0.000
0.663 -0.102 0.000
0.663 0.102 0.000
0.663 0.306 0.000
0.663 0.510 0.000
0.663 0.714 0.000
0.663 0.918 0.109
0.663 1.122 0.486
0.663 1.327 1.059
0.663 1.531 1.503
0.663 1.735 1.877
0.663 1.939 2.212
0.663 2.143 2.518
0.663 2.347 2.801
0.663 2.551 3.065
0.663 2.755 3.314
0.663 2.959 3.549
0.663 3.163 3.773
0.663 3.367 3.988
0.663 3.571 4.193
0.663 3.776 4.390
0.663 3.980 4.581
0.663 4.184 4.765
0.663 4.388 4.944
0.663 4.592 5.118
0.663 4.796 5.287
0.663 5.000 5.451
0.765 -5.000 1.448
0.765 -4.796 1.382
0.765 -4.592 1.316
0.765 -4.388 1.250
0.765 -4.184 1.183
0.765 -3.980 1.117
0.765 -3.776 1.050
0.765 -3.571 0.983
0.765 -3.367 0.917
0.765 -3.163 0.850
0.765 -2.959 0.783
0.765 -2.755 0.716
0.765 -2.551 0.650
0.765 -2.347 0.583
0.765 -2.143 0.517
0.765 -1.939 0.451
0.765 -1.735 0.385
0.765 -1.531 0.321
0.765 -1.327 0.257
0.765 -1.122 0.195
0.765 -0.918 0.136
0.765 -0.714 0.080
0.765 -0.510 0.029
0.765 -0.306 0.000
0.765 -0.102 0.000
0.765 0.102 0.000
0.765 0.306 0.000
0.765 0.510 0.000
0.765 0.714 0.000
0.765 0.918 0.116
0.765 1.122 0.442
0.765 1.327 0.953
0.765 1.531 1.428
0.765 1.735 1.807
0.765 1.939 2.143
0.765 2.143 2.450
0.765 2.347 2.735
0.765 2.551 3.001
0.765 2.755 3.252
0.765 2.959 3.489
0.765 3.163 3.715
0.765 3.367 3.931
0.765 3.571 4.138
0.765 3.776 4.337
0.765 3.980 4.529
0.765 4.184 4.714
0.765 4.388 4.894
0.765 4.592 5.069
0.765 4.796 5.239
0.765 5.000 5.405
0.867 -5.000 1.458
0.867 -4.796 1.392
0.867 -4.592 1.325
0.867 -4.388 1.259
0.867 -4.184 1.193
0.867 -3.980 1.127
0.867 -3.776 1.061
0.867 -3.571 0.994
0.867 -3.367 0.928
0.867 -3.163 0.862
0.867 -2.959 0.795
0.867 -2.755 0.729
0.867 -2.551 0.663
0.867 -2.347 0.597
0.867 -2.143 0.531
0.867 -1.939 0.466
0.867 -1.735 0.401
0.867 -1.531 0.338
0.867 -1.327 0.275
0.867 -1.122 0.215
0.867 -0.918 0.157
0.867 -0.714 0.102
0.867 -0.510 0.053
0.867 -0.306 0.012
0.867 -0.102 0.000
0.867 0.102 0.000
0.867 0.306 0.000
0.867 0.510 0.000
0.867 0.714 0.020
0.867 0.918 0.106
0.867 1.122 0.392
0.867 1.327 0.855
0.867 1.531 1.330
0.867 1.735 1.731
0.867 1.939 2.071
0.867 2.143 2.380
0.867 2.347 2.668
0.867 2.551 2.936
0.867 2.755 3.189
0.867 2.959 3.428
0.867 3.163 3.656
0.867 3.367 3.873
0.867 3.571 4.082
0.867 3.776 4.282
0.867 3.980 4.476
0.867 4.184 4.663
0.867 4.388 4.844
0.867 4.592 5.020
0.867 4.796 5.191
0.867 5.000 5.358
0.969 -5.000 1.467
0.969 -4.796 1.401
0.969 -4.592 1.336
0.969 -4.388 1.270
0.969 -4.184 1.204
0.969 -3.980 1.138
0.969 -3.776 1.072
0.969 -3.571 1.006
0.969 -3.367 0.940
0.969 -3.163 0.874
0.969 -2.959 0.808
0.969 -2.755 0.742
0.969 -2.551 0.677
0.969 -2.347 0.611
0.969 -2.143 0.546
0.969 -1.939 0.482
0.969 -1.735 0.418
0.969 -1.531 0.355
0.969 -1.327 0.294
0.969 -1.122 0.235
0.969 -0.918 0.178
0.969 -0.714 0.125
0.969 -0.510 0.078
0.969 -0.306 0.039
0.969 -0.102 0.010
0.969 0.102 0.000
0.969 0.306 0.000
0.969 0.510 0.011
0.969 0.714 0.040
0.969 0.918 0.091
0.969 1.122 0.334
0.969 1.327 0.763
0.969 1.531 1.213
0.969 1.735 1.639
0.969 1.939 1.995
0.969 2.143 2.308
0.969 2.347 2.598
0.969 2.551 2.869
0.969 2.755 3.124
0.969 2.959 3.366
0.969 3.163 3.595
0.969 3.367 3.815
0.969 3.571 4.025
0.969 3.776 4.227
0.969 3.980 4.422
0.969 4.184 4.611
0.969 4.388 4.793
0.969 4.592 4.971
0.969 4.796 5.143
0.969 5.000 5.311
1.071 -5.000 1.477
1.071 -4.796 1.412
1.071 -4.592 1.346
1.071 -4.388 1.281
1.071 -4.184 1.215
1.071 -3.980 1.149
1.071 -3.776 1.084
1.071 -3.571 1.018
1.071 -3.367 0.952
1.071 -3.163 0.887
1.071 -2.959 0.821
1.071 -2.755 0.756
1.071 -2.551 0.691
1.071 -2.347 0.626
1.071 -2.143 0.562
1.071 -1.939 0.498
1.071 -1.735 0.435
1.071 -1.531 0.374
1.071 -1.327 0.313
1.071 -1.122 0.255
1.071 -0.918 0.200
1.071 -0.714 0.149
1.071 -0.510 0.103
1.071 -0.306 0.066
1.071 -0.102 0.038
1.071 0.102 0.023
1.071 0.306 0.022
1.071 0.510 0.035
1.071 0.714 0.062
1.071 0.918 0.098
1.071 1.122 0.274
1.071 1.327 0.662
1.071 1.531 1.109
1.071 1.735 1.531
1.071 1.939 1.908
1.071 2.143 2.233
1.071 2.347 2.526
1.071 2.551 2.801
1.071 2.755 3.058
1.071 2.959 3.302
1.071 3.163 3.534
1.071 3.367 3.755
1.071 3.571 3.968
1.071 3.776 4.172
1.071 3.980 4.368
1.071 4.184 4.558
1.071 4.388 4.742
1.071 4.592 4.921
1.071 4.796 5.095
1.071 5.000 5.264
1.173 -5.000 1.488
1.173 -4.796 1.423
1.173 -4.592 1.357
1.173 -4.388 1.292
1.173 -4.184 1.227
1.173 -3.980 1.161
1.173 -3.776 1.096
1.173 -3.571 1.031
1.173 -3.367 0.965
1.173 -3.163 0.900
1.173 -2.959 0.835
1.173 -2.755 0.770
1.173 -2.551 0.706
1.173 -2.347 0.642
1.173 -2.143 0.578
1.173 -1.939 0.515
1.173 -1.735 0.453
1.173 -1.531 0.393
1.173 -1.327 0.333
1.173 -1.122 0.277
1.173 -0.918 0.223
1.173 -0.714 0.173
1.173 -0.510 0.129
1.173 -0.306 0.092
1.173 -0.102 0.065
1.173 0.102 0.050
1.173 0.306 0.048
1.173 0.510 0.060
1.173 0.714 0.084
1.173 0.918 0.117
1.173 1.122 0.218
1.173 1.327 0.560
1.173 1.531 1.012
1.173 1.735 1.412
1.173 1.939 1.808
1.173 2.143 2.150
1.173 2.347 2.452
1.173 2.551 2.730
1.173 2.755 2.991
1.173 2.959 3.237
1.173 3.163 3.472
1.173 3.367 3.695
1.173 3.571 3.909
1.173 3.776 4.115
1.173 3.980 4.314
1.173 4.184 4.505
1.173 4.388 4.691
1.173 4.592 4.871
1.173 4.796 5.046
1.173 5.000 5.216
1.276 -5.000 1.499
1.276 -4.796 1.434
1.276 -4.592 1.369
1.276 -4.388 1.304
1.276 -4.184 1.239
1.276 -3.980 1.174
1.276 -3.776 1.109
1.276 -3.571 1.044
1.276 -3.367 0.979
1.276 -3.163 0.914
1.276 -2.959 0.850
1.276 -2.755 0.785
1.276 -2.551 0.722
1.276 -2.347 0.658
1.276 -2.143 0.595
1.276 -1.939 0.533
1.276 -1.735 0.472
1.276 -1.531 0.412
1.276 -1.327 0.354
1.276 -1.122 0.298
1.276 -0.918 0.246
1.276 -0.714 0.198
1.276 -0.510 0.155
1.276 -0.306 0.119
1.276 -0.102 0.093
1.276 0.102 0.078
1.276 0.306 0.075
1.276 0.510 0.084
1.276 0.714 0.106
1.276 0.918 0.137
1.276 1.122 0.184
1.276 1.327 0.462
1.276 1.531 0.909
1.276 1.735 1.307
1.276 1.939 1.697
1.276 2.143 2.057
1.276 2.347 2.372
1.276 2.551 2.657
1.276 2.755 2.921
1.276 2.959 3.171
1.276 3.163 3.408
1.276 3.367 3.634
1.276 3.571 3.850
1.276 3.776 4.058
1.276 3.980 4.258
1.276 4.184 4.451
1.276 4.388 4.639
1.276 4.592 4.820
1.276 4.796 4.996
1.276 5.000 5.168
1.378 -5.000 1.510
1.378 -4.796 1.445
1.378 -4.592 1.381
1.378 -4.388 1.316
1.378 -4.184 1.251
1.378 -3.980 1.186
1.378 -3.776 1.122
1.378 -3.571 1.057
1.378 -3.367 0.993
1.378 -3.163 0.929
1.378 -2.959 0.865
1.378 -2.755 0.801
1.378 -2.551 0.738
1.378 -2.347 0.675
1.378 -2.143 0.613
1.378 -1.939 0.551
1.378 -1.735 0.491
1.378 -1.531 0.432
1.378 -1.327 0.375
1.378 -1.122 0.321
1.378 -0.918 0.269
1.378 -0.714 0.222
1.378 -0.510 0.181
1.378 -0.306 0.146
1.378 -0.102 0.120
1.378 0.102 0.105
1.378 0.306 0.101
1.378 0.510 0.109
1.378 0.714 0.129
1.378 0.918 0.158
1.378 1.122 0.195
1.378 1.327 0.373
1.378 1.531 0.790
1.378 1.735 1.208
1.378 1.939 1.578
1.378 2.143 1.954
1.378 2.347 2.284
1.378 2.551 2.579
1.378 2.755 2.849
1.378 2.959 3.103
1.378 3.163 3.343
1.378 3.367 3.571
1.378 3.571 3.790
1.378 3.776 4.000
1.378 3.980 4.202
1.378 4.184 4.397
1.378 4.388 4.586
1.378 4.592 4.769
1.378 4.796 4.946
1.378 5.000 5.119
1.480 -5.000 1.522
1.480 -4.796 1.457
1.480 -4.592 1.393
1.480 -4.388 1.328
1.480 -4.184 1.264
1.480 -3.980 1.200
1.480 -3.776 1.135
1.480 -3.571 1.071
1.480 -3.367 1.007
1.480 -3.163 0.944
1.480 -2.959 0.880
1.480 -2.755 0.817
1.480 -2.551 0.754
1.480 -2.347 0.692
1.480 -2.143 0.631
1.480 -1.939 0.570
1.480 -1.735 0.511
1.480 -1.531 0.453
1.480 -1.327 0.397
1.480 -1.122 0.343
1.480 -0.918 0.293
1.480 -0.714 0.247
1.480 -0.510 0.207
1.480 -0.306 0.173
1.480 -0.102 0.148
1.480 0.102 0.132
1.480 0.306 0.128
1.480 0.510 0.134
1.480 0.714 0.152
1.480 0.918 0.178
1.480 1.122 0.213
1.480 1.327 0.303
1.480 1.531 0.664
1.480 1.735 1.106
1.480 1.939 1.474
1.480 2.143 1.841
1.480 2.347 2.189
1.480 2.551 2.496
1.480 2.755 2.775
1.480 2.959 3.033
1.480 3.163 3.276
1.480 3.367 3.507
1.480 3.571 3.729
1.480 3.776 3.941
1.480 3.980 4.145
1.480 4.184 4.342
1.480 4.388 4.532
1.480 4.592 4.717
1.480 4.796 4.896
1.480 5.000 5.070
1.582 -5.000 1.534
1.582 -4.796 1.470
1.582 -4.592 1.406
1.582 -4.388 1.341
1.582 -4.184 1.277
1.582 -3.980 1.213
1.582 -3.776 1.150
1.582 -3.571 1.086
1.582 -3.367 1.022
1.582 -3.163 0.959
1.582 -2.959 0.896
1.582 -2.755 0.833
1.582 -2.551 0.771
1.582 -2.347 0.710
1.582 -2.143 0.649
1.582 -1.939 0.589
1.582 -1.735 0.531
1.582 -1.531 0.474
1.582 -1.327 0.419
1.582 -1.122 0.366
1.582 -0.918 0.317
1.582 -0.714 0.272
1.582 -0.510 0.233
1.582 -0.306 0.200
1.582 -0.102 0.175
1.582 0.102 0.160
1.582 0.306 0.154
1.582 0.510 0.159
1.582 0.714 0.175
1.582 0.918 0.200
1.582 1.122 0.233
1.582 1.327 0.274
1.582 1.531 0.548
1.582 1.735 0.994
1.582 1.939 1.376
1.582 2.143 1.725
1.582 2.347 2.085
1.582 2.551 2.406
1.582 2.755 2.695
1.582 2.959 2.960
1.582 3.163 3.207
1.582 3.367 3.442
1.582 3.571 3.666
1.582 3.776 3.881
1.582 3.980 4.087
1.582 4.184 4.286
1.582 4.388 4.478
1.582 4.592 4.664
1.582 4.796 4.845
1.582 5.000 5.021
1.684 -5.000 1.547
1.684 -4.796 1.483
1.684 -4.592 1.419
1.684 -4.388 1.355
1.684 -4.184 1.291
1.684 -3.980 1.227
1.684 -3.776 1.164
1.684 -3.571 1.101
1.684 -3.367 1.038
1.684 -3.163 0.975
1.684 -2.959 0.912
1.684 -2.755 0.850
1.684 -2.551 0.789
1.684 -2.347 0.728
1.684 -2.143 0.668
1.684 -1.939 0.609
1.684 -1.735 0.551
1.684 -1.531 0.495
1.684 -1.327 0.441
1.684 -1.122 0.390
1.684 -0.918 0.342
1.684 -0.714 0.298
1.684 -0.510 0.259
1.684 -0.306 0.227
1.684 -0.102 0.202
1.684 0.102 0.187
1.684 0.306 0.181
1.684 0.510 0.185
1.684 0.714 0.199
1.684 0.918 0.221
1.684 1.122 0.252
1.684 1.327 0.290
1.684 1.531 0.448
1.684 1.735 0.871
1.684 1.939 1.277
1.684 2.143 1.622
1.684 2.347 1.972
1.684 2.551 2.309
1.684 2.755 2.609
1.684 2.959 2.883
1.684 3.163 3.137
1.684 3.367 3.375
1.684 3.571 3.602
1.684 3.776 3.820
1.684 3.980 4.028
1.684 4.184 4.229
1.684 4.388 4.423
1.684 4.592 4.611
1.684 4.796 4.793
1.684 5.000 4.971
1.786 -5.000 1.560
1.786 -4.796 1.496
1.786 -4.592 1.432
1.786 -4.388 1.369
1.786 -4.184 1.305
1.786 -3.980 1.242
1.786 -3.776 1.179
1.786 -3.571 1.116
1.786 -3.367 1.053
1.786 -3.163 0.991
1.786 -2.959 0.929
1.786 -2.755 0.867
1.786 -2.551 0.807
1.786 -2.347 0.746
1.786 -2.143 0.687
1.786 -1.939 0.629
1.786 -1.735 0.572
1.786 -1.531 0.517
1.786 -1.327 0.464
1.786 -1.122 0.413
1.786 -0.918 0.366
1.786 -0.714 0.323
1.786 -0.510 0.285
1.786 -0.306 0.254
1.786 -0.102 0.230
1.786 0.102 0.214
1.786 0.306 0.207
1.786 0.510 0.210
1.786 0.714 0.222
1.786 0.918 0.243
1.786 1.122 0.272
1.786 1.327 0.308
1.786 1.531 0.380
1.786 1.735 0.736
1.786 1.939 1.170
1.786 2.143 1.527
1.786 2.347 1.858
1.786 2.551 2.205
1.786 2.755 2.518
1.786 2.959 2.802
1.786 3.163 3.063
1.786 3.367 3.306
1.786 3.571 3.537
1.786 3.776 3.757
1.786 3.980 3.968
1.786 4.184 4.171
1.786 4.388 4.368
1.786 4.592 4.557
1.786 4.796 4.741
1.786 5.000 4.920
1.888 -5.000 1.573
1.888 -4.796 1.509
1.888 -4.592 1.446
1.888 -4.388 1.383
1.888 -4.184 1.320
1.888 -3.980 1.257
1.888 -3.776 1.194
1.888 -3.571 1.132
1.888 -3.367 1.069
1.888 -3.163 1.008
1.888 -2.959 0.946
1.888 -2.755 0.885
1.888 -2.551 0.825
1.888 -2.347 0.765
1.888 -2.143 0.707
1.888 -1.939 0.649
1.888 -1.735 0.593
1.888 -1.531 0.539
1.888 -1.327 0.486
1.888 -1.122 0.437
1.888 -0.918 0.391
1.888 -0.714 0.349
1.888 -0.510 0.312
1.888 -0.306 0.281
1.888 -0.102 0.257
1.888 0.102 0.241
1.888 0.306 0.233
1.888 0.510 0.235
1.888 0.714 0.246
1.888 0.918 0.266
1.888 1.122 0.293
1.888 1.327 0.326
1.888 1.531 0.366
1.888 1.735 0.613
1.888 1.939 1.054
1.888 2.143 1.430
1.888 2.347 1.759
1.888 2.551 2.094
1.888 2.755 2.421
1.888 2.959 2.715
1.888 3.163 2.985
1.888 3.367 3.235
1.888 3.571 3.470
1.888 3.776 3.693
1.888 3.980 3.907
1.888 4.184 4.113
1.888 4.388 4.311
1.888 4.592 4.503
1.888 4.796 4.688
1.888 5.000 4.869
1.990 -5.000 1.586
1.990 -4.796 1.523
1.990 -4.592 1.460
1.990 -4.388 1.397
1.990 -4.184 1.334
1.990 -3.980 1.272
1.990 -3.776 1.210
1.990 -3.571 1.148
1.990 -3.367 1.086
1.990 -3.163 1.024
1.990 -2.959 0.963
1.990 -2.755 0.903
1.990 -2.551 0.843
1.990 -2.347 0.784
1.990 -2.143 0.726
1.990 -1.939 0.670
1.990 -1.735 0.614
1.990 -1.531 0.561
1.990 -1.327 0.509
1.990 -1.122 0.461
1.990 -0.918 0.416
1.990 -0.714 0.374
1.990 -0.510 0.338
1.990 -0.306 0.307
1.990 -0.102 0.284
1.990 0.102 0.268
1.990 0.306 0.260
1.990 0.510 0.261
1.990 0.714 0.270
1.990 0.918 0.288
1.990 1.122 0.314
1.990 1.327 0.346
1.990 1.531 0.383
1.990 1.735 0.515
1.990 1.939 0.928
1.990 2.143 1.327
1.990 2.347 1.665
1.990 2.551 1.983
1.990 2.755 2.318
1.990 2.959 2.624
1.990 3.163 2.902
1.990 3.367 3.160
1.990 3.571 3.401
1.990 3.776 3.628
1.990 3.980 3.845
1.990 4.184 4.053
1.990 4.388 4.253
1.990 4.592 4.447
1.990 4.796 4.635
1.990 5.000 4.817
2.092 -5.000 1.600
2.092 -4.796 1.537
2.092 -4.592 1.475
2.092 -4.388 1.412
2.092 -4.184 1.350
2.092 -3.980 1.287
2.092 -3.776 1.225
2.092 -3.571 1.164
2.092 -3.367 1.103
2.092 -3.163 1.042
2.092 -2.959 0.981
2.092 -2.755 0.921
2.092 -2.551 0.862
2.092 -2.347 0.804
2.092 -2.143 0.747
2.092 -1.939 0.691
2.092 -1.735 0.636
2.092 -1.531 0.583
2.092 -1.327 0.533
2.092 -1.122 0.485
2.092 -0.918 0.441
2.092 -0.714 0.400
2.092 -0.510 0.364
2.092 -0.306 0.334
2.092 -0.102 0.311
2.092 0.102 0.294
2.092 0.306 0.286
2.092 0.510 0.286
2.092 0.714 0.295
2.092 0.918 0.311
2.092 1.122 0.335
2.092 1.327 0.365
2.092 1.531 0.401
2.092 1.735 0.458
2.092 1.939 0.791
2.092 2.143 1.217
2.092 2.347 1.571
2.092 2.551 1.886
2.092 2.755 2.208
2.092 2.959 2.528
2.092 3.163 2.816
2.092 3.367 3.081
2.092 3.571 3.328
2.092 3.776 3.561
2.092 3.980 3.781
2.092 4.184 3.992
2.092 4.388 4.195
2.092 4.592 4.391
2.092 4.796 4.580
2.092 5.000 4.764
2.194 -5.000 1.614
2.194 -4.796 1.552
2.194 -4.592 1.489
2.194 -4.388 1.427
2.194 -4.184 1.365
2.194 -3.980 1.303
2.194 -3.776 1.242
2.194 -3.571 1.180
2.194 -3.367 1.120
2.194 -3.163 1.059
2.194 -2.959 0.999
2.194 -2.755 0.940
2.194 -2.551 0.881
2.194 -2.347 0.824
2.194 -2.143 0.767
2.194 -1.939 0.712
2.194 -1.735 0.658
2.194 -1.531 0.606
2.194 -1.327 0.556
2.194 -1.122 0.509
2.194 -0.918 0.466
2.194 -0.714 0.426
2.194 -0.510 0.391
2.194 -0.306 0.361
2.194 -0.102 0.338
2.194 0.102 0.321
2.194 0.306 0.312
2.194 0.510 0.312
2.194 0.714 0.319
2.194 0.918 0.334
2.194 1.122 0.356
2.194 1.327 0.385
2.194 1.531 0.419
2.194 1.735 0.459
2.194 1.939 0.669
2.194 2.143 1.101
2.194 2.347 1.473
2.194 2.551 1.794
2.194 2.755 2.101
2.194 2.959 2.426
2.194 3.163 2.725
2.194 3.367 2.999
2.194 3.571 3.252
2.194 3.776 3.491
2.194 3.980 3.715
2.194 4.184 3.930
2.194 4.388 4.135
2.194 4.592 4.333
2.194 4.796 4.525
2.194 5.000 4.711
2.296 -5.000 1.629
2.296 -4.796 1.566
2.296 -4.592 1.504
2.296 -4.388 1.442
2.296 -4.184 1.381
2.296 -3.980 1.319
2.296 -3.776 1.258
2.296 -3.571 1.197
2.296 -3.367 1.137
2.296 -3.163 1.077
2.296 -2.959 1.018
2.296 -2.755 0.959
2.296 -2.551 0.901
2.296 -2.347 0.844
2.296 -2.143 0.788
2.296 -1.939 0.733
2.296 -1.735 0.680
2.296 -1.531 0.629
2.296 -1.327 0.580
2.296 -1.122 0.534
2.296 -0.918 0.491
2.296 -0.714 0.452
2.296 -0.510 0.417
2.296 -0.306 0.388
2.296 -0.102 0.364
2.296 0.102 0.348
2.296 0.306 0.339
2.296 0.510 0.337
2.296 0.714 0.343
2.296 0.918 0.357
2.296 1.122 0.378
2.296 1.327 0.405
2.296 1.531 0.438
2.296 1.735 0.476
2.296 1.939 0.580
2.296 2.143 0.975
2.296 2.347 1.368
2.296 2.551 1.703
2.296 2.755 2.006
2.296 2.959 2.317
2.296 3.163 2.629
2.296 3.367 2.912
2.296 3.571 3.174
2.296 3.776 3.418
2.296 3.980 3.648
2.296 4.184 3.866
2.296 4.388 4.074
2.296 4.592 4.275
2.296 4.796 4.469
2.296 5.000 4.656
2.398 -5.000 1.643
2.398 -4.796 1.581
2.398 -4.592 1.520
2.398 -4.388 1.458
2.398 -4.184 1.397
2.398 -3.980 1.336
2.398 -3.776 1.275
2.398 -3.571 1.215
2.398 -3.367 1.155
2.398 -3.163 1.095
2.398 -2.959 1.036
2.398 -2.755 0.978
2.398 -2.551 0.921
2.398 -2.347 0.864
2.398 -2.143 0.809
2.398 -1.939 0.755
2.398 -1.735 0.702
2.398 -1.531 0.652
2.398 -1.327 0.604
2.398 -1.122 0.558
2.398 -0.918 0.516
2.398 -0.714 0.477
2.398 -0.510 0.443
2.398 -0.306 0.414
2.398 -0.102 0.391
2.398 0.102 0.375
2.398 0.306 0.365
2.398 0.510 0.363
2.398 0.714 0.368
2.398 0.918 0.380
2.398 1.122 0.399
2.398 1.327 0.425
2.398 1.531 0.457
2.398 1.735 0.493
2.398 1.939 0.540
2.398 2.143 0.838
2.398 2.347 1.258
2.398 2.551 1.609
2.398 2.755 1.917
2.398 2.959 2.213
2.398 3.163 2.529
2.398 3.367 2.822
2.398 3.571 3.091
2.398 3.776 3.342
2.398 3.980 3.577
2.398 4.184 3.800
2.398 4.388 4.012
2.398 4.592 4.216
2.398 4.796 4.412
2.398 5.000 4.601
2.500 -5.000 1.658
2.500 -4.796 1.597
2.500 -4.592 1.535
2.500 -4.388 1.474
2.500 -4.184 1.413
2.500 -3.980 1.352
2.500 -3.776 1.292
2.500 -3.571 1.232
2.500 -3.367 1.172
2.500 -3.163 1.113
2.500 -2.959 1.055
2.500 -2.755 0.997
2.500 -2.551 0.941
2.500 -2.347 0.885
2.500 -2.143 0.830
2.500 -1.939 0.777
2.500 -1.735 0.725
2.500 -1.531 0.675
2.500 -1.327 0.628
2.500 -1.122 0.583
2.500 -0.918 0.541
2.500 -0.714 0.503
2.500 -0.510 0.470
2.500 -0.306 0.441
2.500 -0.102 0.418
2.500 0.102 0.401
2.500 0.306 0.391
2.500 0.510 0.388
2.500 0.714 0.392
2.500 0.918 0.404
2.500 1.122 0.422
2.500 1.327 0.446
2.500 1.531 0.476
2.500 1.735 0.511
2.500 1.939 0.550
2.500 2.143 0.723
2.500 2.347 1.142
2.500 2.551 1.509
2.500 2.755 1.828
2.500 2.959 2.121
2.500 3.163 2.422
2.500 3.367 2.727
2.500 3.571 3.006
2.500 3.776 3.263
2.500 3.980 3.504
2.500 4.184 3.732
2.500 4.388 3.948
2.500 4.592 4.155
2.500 4.796 4.354
2.500 5.000 4.545
